boundary
layer 1
datatype 0
xy  9  3870 5400  3870 5870  3600 5870  3600 6090  4370 6090  4370 5870  4060 5870  4060 5400  3870 5400
endel
boundary
layer 1
datatype 0
xy  9  4670 5400  4670 5870  4400 5870  4400 6090  5170 6090  5170 5870  4860 5870  4860 5400  4670 5400
endel
boundary
layer 1
datatype 0
xy  9  5480 5400  5480 5870  5210 5870  5210 6090  5980 6090  5980 5870  5670 5870  5670 5400  5480 5400
endel
boundary
layer 1
datatype 0
xy  9  6280 5400  6280 5870  6010 5870  6010 6090  6780 6090  6780 5870  6470 5870  6470 5400  6280 5400
endel
boundary
layer 1
datatype 0
xy  9  9020 6630  9020 6850  9330 6850  9330 7320  9520 7320  9520 6850  9790 6850  9790 6630  9020 6630
endel
boundary
layer 1
datatype 0
xy  9  9820 6630  9820 6850  10130 6850  10130 7320  10320 7320  10320 6850  10590 6850  10590 6630  9820 6630
endel
boundary
layer 1
datatype 0
xy  9  10630 6630  10630 6850  10940 6850  10940 7320  11130 7320  11130 6850  11400 6850  11400 6630  10630 6630
endel
boundary
layer 1
datatype 0
xy  9  11430 6630  11430 6850  11740 6850  11740 7320  11930 7320  11930 6850  12200 6850  12200 6630  11430 6630
endel
